init:
0 0 0 0 0 0 
0 + + 0 0 0 
0 + + 0 0 0 
0 0 0 + + 0 
0 0 0 + + 0 
0 0 0 0 0 0 
=============================================================
step 0:
0 0 0 0 0 0 
0 + + 0 0 0 
0 + 0 0 0 0 
0 0 0 0 + 0 
0 0 0 + + 0 
0 0 0 0 0 0 
=============================================================
step 1:
0 0 0 0 0 0 
0 + + 0 0 0 
0 + + 0 0 0 
0 0 0 + + 0 
0 0 0 + + 0 
0 0 0 0 0 0 
=============================================================
step 2:
0 0 0 0 0 0 
0 + + 0 0 0 
0 + 0 0 0 0 
0 0 0 0 + 0 
0 0 0 + + 0 
0 0 0 0 0 0 
=============================================================
step 3:
0 0 0 0 0 0 
0 + + 0 0 0 
0 + + 0 0 0 
0 0 0 + + 0 
0 0 0 + + 0 
0 0 0 0 0 0 
=============================================================
step 4:
0 0 0 0 0 0 
0 + + 0 0 0 
0 + 0 0 0 0 
0 0 0 0 + 0 
0 0 0 + + 0 
0 0 0 0 0 0 
=============================================================
final:
0 0 0 0 0 0 
0 + + 0 0 0 
0 + 0 0 0 0 
0 0 0 0 + 0 
0 0 0 + + 0 
0 0 0 0 0 0 
=============================================================
